# 3dvolreg matrices (DICOM-to-DICOM, row-by-row):
            1   0.000551043   0.000295307     0.0454647  -0.000551013             1  -0.000104447    -0.0625834  -0.000295365   0.000104285             1    -0.0746725
            1   0.000201161    0.00014037     0.0206854  -0.000201099             1  -0.000438329     0.0180932  -0.000140458   0.000438301             1    -0.0124215
            1  -4.30154e-11   1.19823e-11  -5.08952e-09   4.30154e-11             1   6.06319e-11   7.85302e-09  -1.19823e-11  -6.06319e-11             1  -2.00133e-10
            1  -0.000176184   0.000187308    -0.0288609   0.000176129             1   0.000293155    -0.0105068   -0.00018736  -0.000293122             1    -0.0550068
            1  -5.23956e-05  -8.89653e-06   -0.00490132   5.23965e-05             1   0.000106523   -0.00175137   8.89095e-06  -0.000106523             1    -0.0229577
            1  -6.31391e-05   0.000184993    -0.0101605   6.31556e-05             1  -8.87935e-05    0.00903938  -0.000184988   8.88052e-05             1      -0.03782
            1  -0.000652774   0.000435923    -0.0667014   0.000652896             1  -0.000279387     0.0441237   -0.00043574   0.000279672             1     0.0675983
     0.999999   -0.00145429   0.000670725     -0.162588    0.00145354      0.999998     0.0011172     0.0140486  -0.000672349   -0.00111622      0.999999     0.0957469
     0.999999   -0.00108926   0.000447721     -0.119424    0.00108882      0.999999    0.00100092    0.00362701   -0.00044881   -0.00100044      0.999999     0.0465322
            1   -0.00092443   0.000354751     -0.109297   0.000924085      0.999999   0.000969634    -0.0151404  -0.000355647  -0.000969305      0.999999     0.0804811
     0.999991   -0.00149005    0.00403448     -0.338847    0.00147702      0.999994       0.00323      0.218524   -0.00403927   -0.00322401      0.999987     -0.576619
     0.999995   -0.00101064    0.00304299     -0.280862    0.00100486      0.999998    0.00189873      0.178196   -0.00304491   -0.00189567      0.999994     -0.292208
     0.999998  -0.000910012    0.00164848     -0.180624   0.000907871      0.999999    0.00129884      0.161394   -0.00164966   -0.00129734      0.999998     -0.177033
     0.999998   -0.00110993    0.00146432     -0.191007    0.00110923      0.999999   0.000476506      0.166118   -0.00146485  -0.000474881      0.999999     -0.159655
     0.999998   -0.00107438    0.00137731     -0.181455    0.00107359      0.999999   0.000573545       0.12174   -0.00137793  -0.000572065      0.999999     -0.112064
            1  -0.000723769    0.00060091    -0.0912625   0.000723609             1   0.000266609      0.128036  -0.000601103  -0.000266174             1    0.00599765
            1  -0.000799483    0.00041087    -0.0875363   0.000799412             1   0.000172747       0.11895  -0.000411008  -0.000172418             1   -0.00552195
     0.999999  -0.000989135   0.000488047     -0.110942   0.000989105             1    6.0279e-05      0.133256  -0.000488107  -5.97963e-05             1    -0.0434772
            1  -0.000878277   0.000467971    -0.0924949   0.000878415             1  -0.000294953      0.170056  -0.000467711   0.000295363             1   -0.00829191
     0.999999   -0.00105203   0.000393895     -0.111648    0.00105207      0.999999  -0.000107114      0.175967  -0.000393783   0.000107529             1    -0.0159033
     0.999999   -0.00092354   0.000505062     -0.105679     0.0009235             1   8.07474e-05      0.155288  -0.000505137  -8.02809e-05             1    -0.0498872
            1  -0.000809703   0.000314446    -0.0884917   0.000809651             1   0.000165567      0.156158   -0.00031458  -0.000165312             1    0.00323378
     0.999996   -0.00115165    0.00239464     -0.225867    0.00114012      0.999988    0.00481026       0.36012   -0.00240015   -0.00480751      0.999986     -0.814019
     0.999994   -0.00142948    0.00309112     -0.261842    0.00142514      0.999998    0.00140571      0.471301   -0.00309312    -0.0014013      0.999994      -0.51386
     0.999998   -0.00111243    0.00185865     -0.164453    0.00111014      0.999999    0.00123335      0.331265   -0.00186002   -0.00123128      0.999998     -0.158295
     0.999999  -0.000641106    0.00124867    -0.0644914   0.000639352      0.999999    0.00140465      0.206682   -0.00124957   -0.00140385      0.999998     -0.137416
            1  -0.000350645   0.000306633     0.0256798   0.000350283      0.999999    0.00118199      0.148954  -0.000307047   -0.00118188      0.999999     0.0051273
            1  -0.000446858  -0.000334779     0.0769718   0.000447771      0.999996    0.00273067    -0.0218699   0.000333558   -0.00273082      0.999996     -0.040188
            1  -0.000505912   2.99261e-05     0.0368036   0.000505838      0.999997    0.00244066     0.0120718  -3.11608e-05   -0.00244064      0.999997    -0.0872582
            1  -0.000495514   -0.00013352     0.0617034   0.000495823      0.999997    0.00232234     0.0292201   0.000132369    -0.0023224      0.999997     -0.113892
            1  -0.000323356  -0.000697735      0.105492   0.000324601      0.999998    0.00178496     0.0832152   0.000697157   -0.00178519      0.999998    -0.0645468
     0.999999  -0.000828185   0.000975732    -0.0235133   0.000826528      0.999998    0.00169641      0.282648  -0.000977136    -0.0016956      0.999998     -0.359934
            1  -0.000209653   6.55631e-05     0.0823966   0.000209539      0.999998    0.00173494     0.0108576  -6.59268e-05   -0.00173493      0.999998   -0.00504355
            1  -0.000315032  -0.000432448       0.11026   0.000315361             1   0.000762107      0.137484   0.000432207  -0.000762244             1      0.147385
            1   -6.7055e-05  -0.000392449      0.124954   6.75768e-05      0.999999     0.0013296      0.066055   0.000392359   -0.00132963      0.999999     0.0329179
            1   0.000305707  -0.000591603      0.175578  -0.000304763      0.999999    0.00159542     0.0168676    0.00059209   -0.00159524      0.999999    -0.0904727
            1   0.000278934  -0.000728881      0.179114  -0.000278114      0.999999    0.00112371     0.0496942   0.000729194    -0.0011235      0.999999     0.0435103
            1   0.000226695   -0.00092722      0.179091  -0.000225637      0.999999    0.00114102     0.0439794   0.000927478   -0.00114081      0.999999     0.0436279
     0.999999   0.000443688   -0.00127794      0.215862  -0.000440648      0.999997    0.00237767   -0.00755229    0.00127899    -0.0023771      0.999996    -0.0404889
            1   0.000278669  -0.000763303      0.154067  -0.000276345      0.999995    0.00304347    -0.0297608   0.000764147   -0.00304326      0.999995     -0.211999
            1   0.000415497  -0.000899398      0.180155  -0.000413363      0.999997    0.00237104    -0.0148011   0.000900381   -0.00237067      0.999997     -0.068436
            1   0.000586149   -0.00069632      0.188725  -0.000584583      0.999997    0.00224715    -0.0457078   0.000697635   -0.00224674      0.999997    -0.0489578
            1   0.000478498  -0.000819712      0.197877   -0.00047669      0.999997    0.00220473    -0.0197373   0.000820765   -0.00220434      0.999997   -0.00866473
     0.999999   0.000531595  -0.000892846       0.21005  -0.000530006      0.999998    0.00177909     -0.010858    0.00089379   -0.00177861      0.999998     0.0383568
     0.999999    0.00043988   -0.00094935      0.199956  -0.000438074      0.999998    0.00190239    -0.0140634   0.000950185   -0.00190197      0.999998     0.0277941
            1   0.000414473  -0.000881105      0.189937  -0.000412662      0.999998    0.00205505   0.000136581   0.000881955   -0.00205469      0.999998    0.00524244
            1   0.000663976  -0.000355784      0.195586  -0.000663407      0.999999    0.00159534      0.021858   0.000356843    -0.0015951      0.999999     0.0484892
     0.999999   0.000681849  -0.000771983      0.222216  -0.000680437      0.999998    0.00182696    -0.0069717   0.000773227   -0.00182643      0.999998      0.034504
     0.999999   0.000580052   -0.00114944      0.241074  -0.000577845      0.999998    0.00192001   -0.00321733    0.00115055   -0.00191934      0.999997     0.0173859
     0.999999   0.000542351   -0.00110494      0.232912  -0.000540369      0.999998    0.00179316    0.00302678    0.00110592   -0.00179256      0.999998     0.0722181
     0.999999   0.000534621  -0.000866119      0.214028  -0.000533018      0.999998     0.0018493    -0.0182691   0.000867106   -0.00184884      0.999998     0.0261403
     0.999999   0.000466752   -0.00091398      0.209979  -0.000465091      0.999998    0.00181691   -0.00199477   0.000914827   -0.00181649      0.999998     0.0676392
     0.999999  -0.000238559    0.00155766     0.0556485   0.000233719      0.999995    0.00310667      0.143497   -0.00155839    -0.0031063      0.999994     -0.304957
     0.999993  -0.000369694    0.00383692    -0.0460319   0.000356008      0.999994     0.0035669      0.276525   -0.00383821   -0.00356551      0.999986     -0.873044
     0.999997    0.00104424    0.00241432      0.142003   -0.00105216      0.999994    0.00328209      0.165021   -0.00241088   -0.00328462      0.999992     -0.667822
     0.999998   0.000946559    0.00157025        0.2203  -0.000951885      0.999994    0.00339481      0.159059   -0.00156703    -0.0033963      0.999993     -0.547371
     0.999994   0.000770398    0.00324819      0.149244  -0.000793483      0.999974    0.00711188   -0.00799589   -0.00324262   -0.00711442      0.999969      -1.20411
     0.999995   0.000606531    0.00306835      0.153804  -0.000621862      0.999987    0.00499817      0.166355   -0.00306528   -0.00500006      0.999983     -0.969589
     0.999995   0.000628915    0.00304971      0.116642   -0.00064193      0.999991    0.00426856      0.230308     -0.003047    -0.0042705      0.999986     -0.999429
     0.999997   0.000275972    0.00236321      0.119606  -0.000283134      0.999995    0.00303078      0.306851   -0.00236236   -0.00303144      0.999993     -0.668531
     0.999997   0.000465933    0.00226174      0.176778  -0.000474496      0.999993    0.00378713      0.165997   -0.00225996   -0.00378819       0.99999     -0.626835
            1  -0.000327906    0.00071255      0.152352   0.000326267      0.999997    0.00229929      0.386402  -0.000713302   -0.00229906      0.999997     -0.448695
            1   0.000356813   0.000654882      0.152211  -0.000358227      0.999998     0.0021605      0.153021   -0.00065411   -0.00216074      0.999997     -0.153478
            1   0.000571001  -0.000309069      0.197276  -0.000570264      0.999997    0.00237805      0.106277   0.000310426   -0.00237787      0.999997     -0.175687
            1   0.000744443  -0.000211907      0.226284  -0.000744058      0.999998    0.00180834     0.0703139   0.000213253   -0.00180818      0.999998    -0.0898194
     0.999999   0.000293789   -0.00110236      0.226918  -0.000292607      0.999999    0.00107152       0.16432    0.00110267    -0.0010712      0.999999     0.0775243
     0.999999   0.000266538   -0.00108828         0.225  -0.000265622             1   0.000841681      0.158775     0.0010885  -0.000841392      0.999999      0.118633
     0.999999   0.000453928  -0.000946994       0.24411  -0.000453035      0.999999   0.000943014      0.116342   0.000947422  -0.000942585      0.999999     0.0851725
     0.999999   9.55711e-05   -0.00149132      0.235857  -9.56074e-05             1  -2.42567e-05      0.235889    0.00149132   2.43992e-05      0.999999      0.181389
     0.999999   0.000239234   -0.00148615      0.252927  -0.000239038             1   0.000131809      0.181755    0.00148618  -0.000131454      0.999999      0.200502
     0.999999   0.000277228   -0.00149148      0.258625  -0.000276432             1   0.000533619      0.155732    0.00149163  -0.000533206      0.999999      0.136723
     0.999999   0.000305974   -0.00161183      0.272159  -0.000304607             1   0.000848414      0.150832    0.00161209  -0.000847921      0.999998      0.112412
     0.999998   0.000327368   -0.00209286      0.308324  -0.000328088             1  -0.000343679      0.189268    0.00209275   0.000344364      0.999998      0.305283
     0.999999   -0.00101391   -0.00119349     0.0913145     0.0010178      0.999994    0.00326753      0.292052    0.00119017   -0.00326874      0.999994     -0.295186
            1  -0.000311259  -0.000757501       0.11477   0.000312323      0.999999    0.00140479      0.137115   0.000757062   -0.00140503      0.999999     0.0681599
            1  -0.000574178  -0.000129693     0.0709064    0.00057418             1   1.63509e-05      0.221929   0.000129683  -1.64254e-05             1      0.149301
            1  -0.000475286   0.000118408     0.0501497   0.000475229             1   0.000486275       0.15994  -0.000118639  -0.000486219             1     0.0187929
            1  -0.000371663   0.000226996     0.0545396   0.000371587             1   0.000336112      0.174672  -0.000227121  -0.000336028             1    0.00834451
            1  -0.000571739   0.000197614     0.0416475   0.000571646             1   0.000470602      0.178182  -0.000197883  -0.000470489             1    -0.0112532
            1  -0.000283448   0.000398615     0.0370816   0.000282908      0.999999    0.00135438      0.191913  -0.000398999   -0.00135426      0.999999     -0.196083
            1  -0.000141768   0.000372275     0.0342088   0.000141296      0.999999    0.00126751      0.182043  -0.000372455   -0.00126745      0.999999      -0.18764
            1  -0.000339786   0.000570828     0.0181677   0.000339128      0.999999    0.00115187      0.229226  -0.000571219   -0.00115167      0.999999     -0.309173
            1  -7.60926e-05  -1.84049e-05     0.0855067   7.61036e-05             1   0.000600142      0.239181   1.83592e-05  -0.000600144             1    -0.0944119
            1    0.00013364  -4.61311e-05      0.103666  -0.000133615             1   0.000545012       0.18404   4.62039e-05  -0.000545006             1    -0.0949011
            1   0.000213632   8.04398e-06      0.115699  -0.000213628             1  -0.000488038      0.230426  -8.14824e-06   0.000488036             1     0.0705204
            1   0.000236369  -4.15855e-05      0.128697   -0.00023639             1   -0.00050968      0.237057    4.1465e-05   0.000509689             1     0.0185021
            1   0.000257506  -1.18703e-06      0.124049  -0.000257507             1  -0.000342819      0.222326   1.09875e-06   0.000342819             1    -0.0334537
            1  -0.000102809  -0.000201121      0.103694    0.00010285             1   0.000202996      0.225947     0.0002011  -0.000203017             1    0.00545299
            1   1.36466e-05   0.000161545      0.107308  -1.35798e-05             1  -0.000413442      0.233937   -0.00016155    0.00041344             1     0.0859217
            1  -0.000138398  -6.28463e-05      0.101929   0.000138365             1  -0.000527249      0.271028   6.29193e-05    0.00052724             1     0.0945603
            1  -0.000135966   -4.3976e-05      0.094531   0.000135938             1  -0.000647279      0.269901    4.4064e-05   0.000647273             1      0.136139
            1  -0.000108665   0.000201366     0.0961029   0.000108753             1  -0.000439587      0.240376  -0.000201318   0.000439608             1     0.0701547
            1  -0.000288497  -0.000283477      0.130305    0.00028851             1   4.59519e-05      0.264111   0.000283463  -4.60337e-05             1       0.11996
            1  -0.000177949   0.000510719     0.0915142   0.000178501      0.999999    -0.0010815      0.286953  -0.000510526    0.00108159      0.999999      0.154751
     0.999999  -0.000773596   0.000734652     0.0386129   0.000773168             1   0.000583484      0.208998  -0.000735103  -0.000582916             1       0.12767
            1  -0.000687832   0.000286807     0.0958987   0.000687874             1  -0.000144558      0.234676  -0.000286707   0.000144755             1      0.169647
            1  -0.000788474   0.000483211     0.0685826   0.000788371             1   0.000212522      0.242375  -0.000483379  -0.000212141             1       0.13345
            1   -0.00079453   0.000332881     0.0743918    0.00079448             1   0.000150083      0.245581     -0.000333  -0.000149818             1      0.162288
            1  -0.000807092   0.000455893     0.0717778   0.000806562      0.999999    0.00116125      0.186949   -0.00045683   -0.00116088      0.999999      0.039292
     0.999996   -0.00274371    0.00105608     -0.193482    0.00274083      0.999993    0.00271408      0.652452   -0.00106352   -0.00271118      0.999996     -0.600996
     0.999995   -0.00149889    0.00275579     -0.155031    0.00149926      0.999999  -0.000132401      0.412605   -0.00275559   0.000136532      0.999996     -0.153189
     0.999997   -0.00121119    0.00207873    -0.0695769    0.00121358      0.999999   -0.00114523      0.324238   -0.00207734    0.00114775      0.999997     0.0391433
     0.999997   -0.00164382     0.0020469     -0.105532    0.00164684      0.999998   -0.00147657      0.345859   -0.00204447    0.00147994      0.999997      0.155592
     0.999997   -0.00163062    0.00194459     -0.101889    0.00163322      0.999998   -0.00134036      0.330839    -0.0019424    0.00134353      0.999997      0.167557
     0.999997   -0.00162809    0.00191707    -0.0989073    0.00163039      0.999998   -0.00119832      0.340385   -0.00191511    0.00120144      0.999997      0.115128
     0.999996   -0.00179172    0.00214863     -0.130087    0.00179415      0.999998   -0.00112732      0.341751    -0.0021466    0.00113117      0.999997     0.0707911
     0.999997   -0.00173133    0.00195439     -0.116001     0.0017332      0.999998  -0.000955489      0.332332   -0.00195273   0.000958873      0.999998      0.055812
     0.999996   -0.00147847    0.00230379     -0.126559    0.00147804      0.999999    0.00018932      0.246512   -0.00230407  -0.000185914      0.999997      -0.17179
     0.999996   -0.00137532    0.00251888     -0.107734    0.00137681      0.999999  -0.000588909      0.273792   -0.00251806   0.000592374      0.999997     -0.105399
     0.999998   9.52391e-05    0.00208689      0.131645   -9.4379e-05             1  -0.000412246       0.35555   -0.00208693   0.000412048      0.999998     -0.228686
     0.999997   0.000923188    0.00231172      0.112838  -0.000913555      0.999991   -0.00416477      0.396691   -0.00231555    0.00416264      0.999989      0.341237
     0.999996   0.000441397    0.00265419     0.0510362  -0.000435708      0.999998    -0.0021438       0.21971   -0.00265513    0.00214264      0.999994      0.361358
     0.999998   0.000346317    0.00174271     0.0892396  -0.000340874      0.999995    -0.0031227      0.321347   -0.00174379     0.0031221      0.999994      0.437689
     0.999998  -0.000335128    0.00200507     0.0212905   0.000340746      0.999996   -0.00280217      0.303082   -0.00200412    0.00280284      0.999994      0.510148
     0.999999  -0.000225536    0.00114022     0.0748259   0.000228176      0.999997   -0.00231588      0.302019   -0.00113969    0.00231614      0.999997      0.452862
     0.999998  -0.000372207    0.00193937     0.0136711   0.000375415      0.999999   -0.00165425      0.305016   -0.00193875    0.00165497      0.999997      0.145987
     0.999996  -0.000929635    0.00261126    -0.0707045   0.000936837      0.999996    -0.0027582      0.409497   -0.00260868    0.00276063      0.999993      0.260537
     0.999997  -0.000748836    0.00224545    -0.0237471   0.000754109      0.999997   -0.00234821      0.379752   -0.00224368     0.0023499      0.999995      0.243674
     0.999997  -0.000717981    0.00251711     -0.030042   0.000725595      0.999995   -0.00302532      0.552026   -0.00251493    0.00302713      0.999992      0.131609
     0.999997  -0.000459157    0.00249778    -0.0107942   0.000464891      0.999997   -0.00229563      0.514263   -0.00249671    0.00229678      0.999994     0.0209012
     0.999997  -0.000124197    0.00254894     0.0157627    0.00012963      0.999998   -0.00213147       0.45769   -0.00254867    0.00213179      0.999994    -0.0652872
     0.999997  -0.000287287    0.00229496     0.0203956   0.000294085      0.999996   -0.00296202      0.517384    -0.0022941    0.00296269      0.999993      0.112575
     0.999998  -0.000316516    0.00213486     0.0221452   0.000322605      0.999996   -0.00285232      0.483771   -0.00213395      0.002853      0.999994     0.0970728
     0.999998  -0.000354798    0.00189028      0.054355   0.000360399      0.999996   -0.00296356      0.513517   -0.00188922    0.00296424      0.999994      0.112682
     0.999999  -0.000301517    0.00142989     0.0768463     0.0003056      0.999996   -0.00285667      0.413782   -0.00142902     0.0028571      0.999995      0.281236
     0.999999   -0.00015243    0.00107223      0.111148   0.000155311      0.999996    -0.0026871      0.433549   -0.00107182    0.00268727      0.999996      0.361273
     0.999999  -0.000254748    0.00153404     0.0786846    0.00025888      0.999996   -0.00269388      0.337496   -0.00153335    0.00269428      0.999995      0.485665
     0.999999  -0.000228158    0.00145394     0.0886641   0.000231684      0.999997   -0.00242554      0.327341   -0.00145338    0.00242588      0.999996      0.427972
     0.999999  -0.000127053    0.00112103      0.123844   0.000129957      0.999997   -0.00259084      0.340704   -0.00112069    0.00259099      0.999996      0.521752
     0.999999    0.00029213    0.00160485       0.15198  -0.000287014      0.999995   -0.00318669      0.236036   -0.00160578    0.00318622      0.999994      0.687225
            1  -0.000301176   0.000895178      0.194269   0.000305851      0.999986   -0.00522715      0.421217  -0.000893591    0.00522742      0.999986       1.03835
     0.999999  -1.51531e-05    0.00149712      0.191887   2.08292e-05      0.999993   -0.00379139      0.236867   -0.00149705    0.00379142      0.999992      0.822107
     0.999999   0.000380784    0.00144981      0.211226  -0.000374385       0.99999   -0.00441155      0.255485   -0.00145148      0.004411      0.999989      0.859255
     0.999999  -0.000519413    0.00158465      0.108019   0.000526782      0.999989   -0.00465345      0.397486   -0.00158221    0.00465428      0.999988      0.750151
     0.999998  -0.000949979    0.00197387     0.0642729    0.00095886      0.999989   -0.00450342      0.420461   -0.00196958     0.0045053      0.999988      0.686894
     0.999998   -0.00119823    0.00179482     0.0590417    0.00120604       0.99999   -0.00436058      0.454956   -0.00178958    0.00436273      0.999989      0.712319
     0.999998  -0.000768971    0.00173285     0.0976171   0.000776704       0.99999   -0.00446615      0.392663    -0.0017294    0.00446749      0.999989      0.667993
     0.999999  -0.000877786    0.00142896      0.112191   0.000884923      0.999987   -0.00500168      0.473072   -0.00142455    0.00500294      0.999986      0.753725
     0.999999  -0.000860889    0.00144252      0.105525   0.000866685      0.999992   -0.00402277      0.369025   -0.00143904    0.00402401      0.999991      0.669607
     0.999996   -0.00170801    0.00215129      0.028125       0.00171      0.999998  -0.000920901      0.506129   -0.00214971   0.000924576      0.999997        0.2198
     0.999984   -0.00252001    0.00513236     -0.363713    0.00254441      0.999985   -0.00475359      0.804535   -0.00512031    0.00476657      0.999976      0.289047
     0.999992   -0.00112203    0.00383691     -0.116592    0.00114219      0.999986   -0.00525735      0.644252   -0.00383096    0.00526169      0.999979      0.243642
     0.999991  -0.000455514    0.00423091    -0.0795064   0.000488456       0.99997   -0.00778821      0.724719   -0.00422723    0.00779021      0.999961      0.334853
     0.999989  -0.000568549    0.00462609    -0.0622703   0.000594054      0.999985   -0.00551386      0.436343   -0.00462288    0.00551655      0.999974      0.621949
     0.999989  -0.000535786    0.00464446    -0.0611377   0.000557631      0.999989   -0.00470348      0.383905   -0.00464189    0.00470602      0.999978       0.46914
     0.999988  -0.000471516    0.00494358    -0.0847619   0.000494221      0.999989   -0.00459262      0.384925   -0.00494136      0.004595      0.999977       0.38181
     0.999992  -0.000196697    0.00396128     0.0128801   0.000212318      0.999992    -0.0039434      0.348306   -0.00396047    0.00394421      0.999984      0.356627
     0.999994   8.53911e-05    0.00358757     0.0605025  -7.16026e-05      0.999993   -0.00384336      0.288215   -0.00358787    0.00384308      0.999986      0.448023
     0.999993   0.000420432    0.00374298     0.0839981  -0.000405733      0.999992   -0.00392684      0.249001    -0.0037446    0.00392529      0.999985      0.479745
     0.999994   0.000302945    0.00338996     0.0942506  -0.000291015      0.999994   -0.00351921      0.251129   -0.00339101    0.00351821      0.999988      0.480211
     0.999996  -7.97276e-05    0.00267393      0.078576   8.75671e-05      0.999996   -0.00293182      0.350102   -0.00267368    0.00293205      0.999992      0.261665
     0.999996   0.000284079    0.00272705      0.117895  -0.000275911      0.999995   -0.00299534      0.228282   -0.00272789    0.00299457      0.999992       0.39309
     0.999996   0.000466528     0.0026996      0.136249  -0.000456989      0.999994   -0.00353277      0.289479   -0.00270123    0.00353152       0.99999      0.426436
     0.999995   0.000481875    0.00296528      0.127894  -0.000469954      0.999992   -0.00401972      0.309103    -0.0029672    0.00401831      0.999988      0.433593
     0.999996   0.000715421     0.0028561      0.149784  -0.000704473      0.999992    -0.0038325      0.276302   -0.00285882    0.00383047      0.999989      0.399723
     0.999994   0.000514227    0.00348837      0.122571  -0.000502054      0.999994    -0.0034897      0.442455   -0.00349015    0.00348793      0.999988      0.044921
     0.999995   -0.00036952    0.00316235     0.0174284   0.000387806      0.999983   -0.00578359      0.602529   -0.00316016    0.00578478      0.999978      0.381201
     0.999997   9.60411e-05    0.00259461      0.105366  -8.25849e-05      0.999987   -0.00518585      0.485088   -0.00259507    0.00518562      0.999983      0.543197
     0.999998   0.000452708     0.0021716      0.169859  -0.000441479      0.999987   -0.00516844      0.423343   -0.00217391    0.00516747      0.999984      0.592965
     0.999996   0.000144205    0.00278277      0.119328  -0.000130811      0.999988   -0.00481283      0.417661   -0.00278343    0.00481245      0.999985       0.64382
     0.999995  -0.000424164    0.00322404     0.0611377   0.000436719      0.999992   -0.00389447      0.367835   -0.00322237    0.00389586      0.999987      0.556778
     0.999993  -0.000751693    0.00368253    -0.0043196   0.000769314      0.999988   -0.00478611      0.532296   -0.00367889    0.00478891      0.999982      0.426648
     0.999992  -0.000742149     0.0039364    -0.0237919   0.000759704       0.99999   -0.00445993      0.533689   -0.00393305    0.00446288      0.999982      0.352639
     0.999993  -0.000625961    0.00377283    0.00593141   0.000643204      0.999989   -0.00457083       0.51323   -0.00376993    0.00457322      0.999982      0.367164
     0.999993  -0.000481168    0.00375106     0.0189174   0.000497632       0.99999   -0.00438942      0.479646   -0.00374891    0.00439126      0.999983       0.28287
     0.999994    -0.0005137    0.00354125     0.0335666    0.00053148      0.999987   -0.00502168      0.531632   -0.00353863    0.00502353      0.999981      0.388458
     0.999994   -0.00049741    0.00338581     0.0323884   0.000514202      0.999988   -0.00496033      0.523531    -0.0033833    0.00496204      0.999982      0.381113
     0.999993  -0.000368934    0.00372985     0.0336329   0.000386942      0.999988   -0.00482848      0.497521   -0.00372803    0.00482989      0.999981      0.336427
      0.99999  -0.000491868    0.00448992  -0.000552341   0.000516658      0.999985   -0.00552167      0.571926   -0.00448713    0.00552394      0.999975      0.387311
     0.999991  -0.000442683    0.00421756   0.000365564   0.000463951      0.999987   -0.00504287      0.506913   -0.00421527    0.00504478      0.999978      0.317388
     0.999992  -0.000405818    0.00395298     0.0260013   0.000427054      0.999985   -0.00537272      0.551801   -0.00395075    0.00537436      0.999978      0.463874
     0.999992  -0.000416227    0.00402439     -0.020775   0.000434509       0.99999   -0.00454311      0.557118   -0.00402246    0.00454483      0.999982      0.177869
      0.99999  -0.000738579     0.0044322    -0.0464416   0.000761513      0.999986   -0.00517486      0.654199   -0.00442831    0.00517818      0.999977      0.342712
     0.999987  -0.000417697    0.00503973    -0.0322679    0.00044443      0.999986   -0.00530437      0.503088   -0.00503745    0.00530654      0.999973      0.433595
      0.99999  -0.000191784    0.00453127     0.0188808   0.000214948      0.999987   -0.00511194      0.494713   -0.00453023    0.00511286      0.999977      0.394581
      0.99999  -0.000394612    0.00450816   -0.00511122   0.000419207      0.999985   -0.00545602      0.573113   -0.00450594    0.00545785      0.999975      0.336146
      0.99999  -0.000238224    0.00445018   -0.00369445    0.00026667       0.99998   -0.00639263      0.656059   -0.00444857    0.00639375       0.99997       0.30779
      0.99999  -0.000257096    0.00452867   -0.00144508   0.000288214      0.999976   -0.00687213       0.69672   -0.00452679    0.00687337      0.999966      0.327897
     0.999989  -0.000268917     0.0046267    -0.0058417   0.000294831      0.999984   -0.00560129      0.612612   -0.00462512    0.00560259      0.999974      0.216258
     0.999989  -0.000318238    0.00464341   -0.00732572   0.000344671      0.999984   -0.00569275      0.621091   -0.00464152    0.00569429      0.999973      0.281812
     0.999989  -0.000105001    0.00458702     0.0131325   0.000128758      0.999987   -0.00517919      0.539562   -0.00458642    0.00517972      0.999976       0.22298
     0.999989   0.000792326    0.00466715     0.0973341  -0.000762288      0.999979   -0.00643421      0.602769   -0.00467215    0.00643058      0.999968       0.34162
     0.999989    0.00044051     0.0047277     0.0657923  -0.000409556      0.999978   -0.00654637      0.612268   -0.00473048    0.00654436      0.999967      0.380032
     0.999987  -0.000267331    0.00512276    -0.0214316   0.000300982      0.999978   -0.00656936      0.650417   -0.00512089    0.00657082      0.999965      0.450314
     0.999987  -0.000210702     0.0050066     -0.018025   0.000237521      0.999986   -0.00535687      0.570171    -0.0050054    0.00535799      0.999973      0.372857
     0.999977   -0.00127345    0.00669381     -0.177407    0.00127919      0.999999    -0.0008543      0.783811   -0.00669271   0.000862843      0.999977     -0.298224
      0.99999    0.00111139    0.00430507      0.150524   -0.00108414      0.999979   -0.00632845      0.707853   -0.00431202    0.00632372      0.999971      0.512835
     0.999984   0.000577234    0.00560216    -0.0479639  -0.000533691       0.99997   -0.00777086      0.682122   -0.00560648    0.00776774      0.999954      0.711401
     0.999989   0.000554009    0.00465989       0.02327  -0.000530335      0.999987   -0.00508001      0.509607   -0.00466265    0.00507748      0.999976      0.622877
     0.999985   -0.00050854     0.0054958      -0.10432   0.000539959      0.999984   -0.00571706      0.675567    -0.0054928    0.00571994      0.999969      0.483217
     0.999982  -0.000401753    0.00590554     -0.121067   0.000437734      0.999981   -0.00609278      0.695793   -0.00590299    0.00609525      0.999964      0.518429
     0.999987  -0.000680385     0.0049901    -0.0886116   0.000711109      0.999981   -0.00615777      0.717887   -0.00498582    0.00616124      0.999969      0.587416
     0.999994  -0.000231683    0.00337636      0.051478   0.000252964       0.99998    -0.0063039      0.671432   -0.00337483    0.00630472      0.999974      0.677614
     0.999993  -0.000412724    0.00358855    0.00100539   0.000435089       0.99998    -0.0062338      0.672766    -0.0035859    0.00623532      0.999974      0.575136
     0.999994   -0.00025883    0.00345664     0.0251037   0.000281265      0.999979   -0.00649139      0.660537   -0.00345489    0.00649233      0.999973      0.674771
     0.999995  -0.000142024    0.00321131      0.048308   0.000160835      0.999983   -0.00585823      0.649913   -0.00321042    0.00585872      0.999978      0.652702
     0.999997  -0.000955636    0.00227384    -0.0828256   0.000960282      0.999997   -0.00204273      0.822239   -0.00227188     0.0020449      0.999995    -0.0407017
     0.999987  -0.000670587    0.00504756     -0.201856   0.000695826      0.999987   -0.00499996      0.684341   -0.00504414    0.00500341      0.999975      0.487387
     0.999985  -0.000343239    0.00555129     -0.175108   0.000373069      0.999985   -0.00537332      0.624771   -0.00554936     0.0053753       0.99997      0.413552
     0.999987   -0.00031292    0.00504015     -0.144792   0.000340464      0.999985   -0.00546491      0.623093   -0.00503836    0.00546656      0.999972      0.444756
     0.999987   -0.00038887    0.00511835     -0.152662   0.000416974      0.999985   -0.00549105      0.603268   -0.00511613    0.00549311      0.999972      0.460348
     0.999986  -0.000354458    0.00532761     -0.151668   0.000383476      0.999985   -0.00544674      0.591856    -0.0053256     0.0054487      0.999971       0.42587
     0.999986  -0.000313286    0.00521902     -0.143483   0.000341768      0.999985    -0.0054573      0.592964   -0.00521723    0.00545901      0.999971      0.435738
     0.999987  -0.000491603    0.00504835     -0.148476   0.000517715      0.999986   -0.00517234      0.589298   -0.00504574    0.00517489      0.999974      0.411589
     0.999987  -0.000428549    0.00511999     -0.139195   0.000456013      0.999986   -0.00536413      0.581845   -0.00511762    0.00536639      0.999973      0.373549
