# 3dvolreg matrices (DICOM-to-DICOM, row-by-row):
            1  -0.000273018   0.000198518   -0.00189945    0.00027273      0.999999    0.00144846     0.0811217  -0.000198913   -0.00144841      0.999999     0.0395884
            1  -9.61105e-05  -6.07152e-05    0.00138822   9.61524e-05             1    0.00068988     0.0362836   6.06489e-05  -0.000689886             1    -0.0181741
            1   8.49712e-11  -6.74935e-11  -1.61737e-09  -8.49712e-11             1   1.79355e-11   4.43507e-09   6.74935e-11  -1.79355e-11             1   -5.0168e-09
            1  -0.000160635   0.000100064     0.0062746     0.0001606             1   0.000351144     0.0188017   -0.00010012  -0.000351128             1   0.000198079
            1  -0.000773104   2.56893e-05     0.0196596   0.000773107             1  -9.54427e-05    -0.0142321  -2.56155e-05   9.54625e-05             1     0.0398357
            1  -0.000946504  -9.05182e-05     0.0230472   0.000946489             1  -0.000160196    -0.0203396   9.06698e-05    0.00016011             1     0.0430874
            1   -0.00088952  -0.000292227     0.0164941   0.000889503             1  -6.06659e-05   -0.00653742    0.00029228    6.0406e-05             1     0.0375583
     0.999999   -0.00100211  -0.000393982     0.0126758    0.00100202      0.999999     -0.000212   -0.00973628   0.000394195   0.000211605             1     0.0484076
     0.999999   -0.00103084  -0.000171829     0.0267861    0.00103073      0.999999  -0.000688647    -0.0217422   0.000172538   0.000688469             1     0.0737292
     0.999999  -0.000970524  -0.000250501     0.0250388   0.000970213      0.999999    -0.0012379   -0.00198022   0.000251703    0.00123765      0.999999     0.0640215
     0.999998    0.00109044     -0.001881    -0.0606106   -0.00109912      0.999989   -0.00461747     -0.115589    0.00187594    0.00461953      0.999988      0.147394
     0.999998    0.00109273   -0.00151394    -0.0698539   -0.00110326      0.999975   -0.00696989     -0.194041    0.00150628    0.00697155      0.999975      0.196665
     0.999997    0.00164678    -0.0018627     -0.120688    -0.0016626      0.999962   -0.00852528     -0.204996    0.00184859    0.00852835      0.999962      0.153403
     0.999997    0.00194907   -0.00174896     -0.126494   -0.00196392      0.999962   -0.00853318     -0.220512    0.00173226    0.00853658      0.999962      0.180942
     0.999995    0.00276187    -0.0016952      -0.13581   -0.00277903      0.999944    -0.0102053     -0.228567    0.00166692     0.0102099      0.999946      0.286621
     0.999995    0.00261545   -0.00166142     -0.145603   -0.00263095      0.999952   -0.00939456     -0.218127    0.00163677    0.00939888      0.999954      0.213026
     0.999995    0.00254196   -0.00190819     -0.154534   -0.00256003      0.999951   -0.00953189      -0.21534    0.00188386    0.00953672      0.999953       0.24117
     0.999996    0.00239123   -0.00173518     -0.155263   -0.00240755      0.999952     -0.009465     -0.184053    0.00171246    0.00946913      0.999954      0.288227
     0.999996    0.00235213   -0.00155334     -0.146179   -0.00236708       0.99995   -0.00969195     -0.210305    0.00153046    0.00969559      0.999952      0.249362
     0.999995    0.00282156   -0.00169327     -0.162811   -0.00283867      0.999944    -0.0101918     -0.210617    0.00166442     0.0101966      0.999947      0.248067
     0.999997   0.000722602   -0.00241379     -0.116753  -0.000746802      0.999949    -0.0100399     -0.336472    0.00240641     0.0100417      0.999947      0.330983
     0.999995     0.0017232   -0.00245984      0.155769   -0.00176709      0.999837    -0.0179502     -0.483977     0.0024285     0.0179545      0.999836      0.147877
      0.99999    0.00359411   -0.00271282    -0.0921583   -0.00363286      0.999889    -0.0144163      -0.28927    0.00266071      0.014426      0.999892      0.108797
     0.999984    0.00488962   -0.00287302     -0.136941   -0.00494354      0.999806    -0.0190709     -0.321968    0.00277921     0.0190848      0.999814     0.0800371
     0.999998    0.00213757   -0.00020483      0.044217   -0.00214018      0.999904    -0.0137153     -0.280025   0.000175493     0.0137157      0.999906      0.173128
     0.999997    0.00207804   -0.00128851     0.0195063   -0.00209598      0.999899    -0.0140832     -0.274118    0.00125911     0.0140858        0.9999      0.123691
     0.999996    0.00226108   -0.00137799    -0.0168896   -0.00227876      0.999913     -0.012967     -0.259744    0.00134856     0.0129701      0.999915       0.16138
     0.999997    0.00201182   -0.00131235    0.00398826   -0.00202977      0.999902    -0.0138242     -0.264679    0.00128441     0.0138268      0.999904      0.125995
     0.999997    0.00184267   -0.00135872    0.00711912   -0.00186147      0.999901    -0.0139647     -0.312538    0.00133285     0.0139672      0.999902      0.152835
     0.999997    0.00181457   -0.00137154     0.0049808   -0.00183338      0.999903    -0.0138373     -0.289303     0.0013463     0.0138398      0.999903      0.166792
     0.999998    0.00137841   -0.00121918     0.0301118   -0.00139487      0.999906    -0.0136051     -0.314902    0.00120031     0.0136068      0.999907      0.148272
     0.999999   0.000959003   -0.00106321     0.0472024  -0.000973547      0.999905    -0.0137638     -0.330558    0.00104991     0.0137648      0.999905      0.140377
     0.999999    0.00107261   -0.00112026     0.0463131   -0.00108776      0.999907    -0.0136134     -0.321163    0.00110555     0.0136146      0.999907      0.118384
     0.999999   0.000909789   -0.00113634     0.0610262  -0.000924675      0.999913    -0.0131687     -0.342001    0.00112426     0.0131698      0.999913       0.11285
     0.999999   0.000518135    -0.0009589     0.0765831  -0.000530875      0.999911    -0.0133333     -0.348894   0.000951906     0.0133338      0.999911      0.130176
     0.999999   0.000735799   -0.00137354     0.0616944  -0.000756708      0.999883    -0.0152848     -0.321139    0.00136214     0.0152858      0.999882     0.0810606
     0.999999     0.0006565   -0.00132618     0.0547927  -0.000675277      0.999899    -0.0142084     -0.333915    0.00131672     0.0142093      0.999898      0.138698
     0.999999   0.000576003   -0.00110123     0.0473378  -0.000591071      0.999906     -0.013732     -0.337174    0.00109322     0.0137326      0.999905      0.155653
     0.999999    0.00100499    -0.0011633     0.0341411   -0.00101988      0.999917    -0.0128687     -0.281435    0.00115027     0.0128699      0.999917      0.142546
     0.999999    0.00100104   -0.00105595     0.0241591   -0.00101411      0.999922    -0.0124536     -0.287762     0.0010434     0.0124547      0.999922      0.162591
     0.999999   0.000872455   -0.00112238     0.0214242  -0.000887075      0.999914    -0.0130918     -0.274939    0.00111087     0.0130928      0.999914      0.141827
     0.999999   0.000591075   -0.00129327     0.0617497  -0.000607513      0.999919    -0.0127466     -0.315136    0.00128563     0.0127473      0.999918      0.120833
     0.999999   0.000607572   -0.00116444     0.0556967    -0.0006225      0.999917    -0.0128628     -0.316005    0.00115653     0.0128635      0.999917      0.163658
     0.999999   0.000811734   -0.00118069     0.0520844  -0.000826318      0.999923    -0.0124044     -0.276568    0.00117053     0.0124053      0.999922      0.136036
     0.999999   0.000795945   -0.00136843     0.0328634  -0.000813376      0.999918    -0.0127848     -0.291934    0.00135814     0.0127859      0.999917       0.17509
     0.999998    0.00101391   -0.00145674     0.0199855   -0.00103204      0.999921    -0.0124965     -0.271588    0.00144396      0.012498      0.999921      0.144115
     0.999998    0.00089241   -0.00159399     0.0327941  -0.000912022      0.999923    -0.0123458     -0.296467    0.00158285     0.0123472      0.999923      0.147696
     0.999998   0.000877733   -0.00153819     0.0222814  -0.000896868      0.999922    -0.0124837      -0.27971    0.00152712      0.012485      0.999921      0.158451
     0.999998   0.000888868   -0.00156176     0.0359153  -0.000908475       0.99992    -0.0125992     -0.264612    0.00155043     0.0126006      0.999919      0.125445
     0.999998   0.000769607   -0.00158606     0.0311335  -0.000789512       0.99992    -0.0125877     -0.295704    0.00157625      0.012589       0.99992      0.184188
     0.999998    0.00124418   -0.00129182     0.0261433   -0.00125969      0.999926     -0.012073     -0.213089    0.00127671     0.0120746      0.999926      0.219154
     0.999964     0.0083255   -0.00145798     -0.269303    -0.0083289      0.999963   -0.00234517     0.0105166    0.00143841    0.00235723      0.999996      0.485802
     0.999972    0.00747909   0.000612338     -0.220738   -0.00748331      0.999946    0.00720412       0.17922  -0.000558425    -0.0072085      0.999974      0.503182
     0.999987    0.00500819   0.000566983     -0.149438   -0.00501394      0.999931     0.0106267      0.223639  -0.000513723    -0.0106295      0.999943      0.363055
     0.999994    0.00311882    0.00116232    -0.0767806   -0.00313035      0.999945     0.0100548      0.191372    -0.0011309    -0.0100584      0.999949      0.163256
     0.999994    0.00342114   0.000209381    -0.0859204   -0.00342324      0.999933     0.0110498      0.224932  -0.000171564    -0.0110504      0.999939      0.137884
     0.999995    0.00324642   0.000209483    -0.0680993   -0.00324816      0.999955     0.0089065      0.159181   -0.00018056   -0.00890713       0.99996     0.0980872
     0.999995     0.0031983   0.000176756    -0.0619966   -0.00319971      0.999958    0.00864012      0.166397  -0.000149115   -0.00864064      0.999963      0.148042
     0.999997    0.00254704  -0.000140627    -0.0441018   -0.00254591      0.999969    0.00749471     0.0963566   0.000159712   -0.00749433      0.999972      0.183609
     0.999997    0.00231119  -0.000117141    -0.0358316   -0.00231024      0.999969    0.00748545      0.109065   0.000134438   -0.00748516      0.999972      0.207314
     0.999998    0.00210821  -0.000133917    -0.0235993   -0.00210716       0.99997     0.0074208     0.0794341   0.000149557    -0.0074205      0.999972      0.201694
     0.999998    0.00193342  -0.000151418    -0.0262503   -0.00193229      0.999973    0.00711339     0.0583619   0.000165167   -0.00711309      0.999975      0.200575
     0.999999    0.00170081  -0.000164553    0.00228912    -0.0016997      0.999977    0.00649292     0.0315567   0.000175593   -0.00649263      0.999979      0.220283
     0.999999    0.00130691  -0.000262628     0.0183172   -0.00130525       0.99998    0.00622911   -0.00394343   0.000270764   -0.00622876      0.999981      0.221699
     0.999999    0.00104748  -7.28868e-05     0.0326705   -0.00104702      0.999982    0.00595154  -0.000418357   7.91196e-05   -0.00595146      0.999982      0.208119
     0.999999    0.00119062   0.000261515      0.036957   -0.00119215      0.999982    0.00593958    0.00821813  -0.000254438   -0.00593988      0.999982      0.231357
     0.999999    0.00106642   0.000252309     0.0276768   -0.00106789      0.999982    0.00590608    -0.0136646  -0.000246007   -0.00590634      0.999983      0.236782
     0.999999    0.00112952   0.000233075     0.0271443   -0.00113089      0.999982    0.00595627     0.0250623  -0.000226343   -0.00595653      0.999982      0.222389
            1   0.000759382   0.000365399     0.0339066  -0.000761427      0.999984    0.00562945     0.0156248  -0.000361118   -0.00562973      0.999984      0.252483
            1   0.000772901   0.000369273     0.0364489   -0.00077486      0.999985     0.0053345     0.0215743  -0.000365144   -0.00533478      0.999986      0.251324
            1  -2.32126e-05  -2.38547e-05     0.0759843   2.33084e-05      0.999992    0.00402092    -0.0661622   2.37612e-05   -0.00402092      0.999992      0.246089
            1  -0.000271111  -0.000490538     0.0708838   0.000273141      0.999991    0.00414318    -0.0654796    0.00048941   -0.00414332      0.999991      0.253326
     0.999999   0.000745267   -0.00119088    0.00874432  -0.000740093       0.99999     0.0043394    -0.0413423     0.0011941   -0.00433851       0.99999      0.213932
     0.999999    0.00109644   -0.00108013   -0.00515746   -0.00109146      0.999989    0.00460355    -0.0394127    0.00108517   -0.00460237      0.999989       0.27804
     0.999998    0.00138691   -0.00103834   -0.00051096    -0.0013817      0.999987     0.0049971    0.00305245    0.00104526   -0.00499566      0.999987      0.271683
     0.999999    0.00100003  -0.000995545     0.0147355  -0.000995983      0.999991     0.0040589     0.0220526   0.000999596   -0.00405791      0.999991      0.275808
     0.999993    0.00310459   -0.00227078     -0.047496   -0.00311005      0.999992   -0.00240595     -0.165639     0.0022633      0.002413      0.999995      0.238944
     0.999991    0.00330516   -0.00256607     -0.051447   -0.00331082      0.999992   -0.00220259     -0.142279    0.00255877    0.00221107      0.999994      0.254575
     0.999992    0.00309948   -0.00267353    -0.0667311     -0.003099      0.999995   0.000185692    -0.0248993    0.00267409  -0.000177405      0.999996      0.219123
     0.999992    0.00384663   -0.00139092    -0.0678823   -0.00383581      0.999963    0.00770081     0.0984622    0.00142049   -0.00769541      0.999969      0.294107
     0.999994    0.00347473  -0.000458188    -0.0618489   -0.00346949      0.999934     0.0109801      0.300408   0.000496311    -0.0109784       0.99994      0.311388
     0.999994    0.00352819   5.96888e-05    -0.0299585   -0.00352866      0.999921      0.012048      0.280382  -1.71763e-05    -0.0120482      0.999927      0.309711
     0.999997    0.00259951   -0.00010134    0.00809198   -0.00259837      0.999947     0.0099625      0.188581   0.000127233   -0.00996221       0.99995      0.267956
     0.999997    0.00245652  -0.000259251     0.0358042     -0.002454      0.999954    0.00928069      0.212605   0.000282037   -0.00928002      0.999957        0.2539
     0.999998    0.00196852  -0.000410444     0.0412424   -0.00196496      0.999962     0.0084936      0.154592   0.000427148   -0.00849278      0.999964      0.285693
     0.999998    0.00197487  -0.000467557     0.0496832   -0.00197106      0.999966    0.00801647      0.165043   0.000483373   -0.00801553      0.999968      0.289725
     0.999997    0.00218984  -0.000840816     0.0335625   -0.00218309      0.999966    0.00794455       0.15629   0.000858184    -0.0079427      0.999968      0.286059
     0.999997      0.002185  -0.000952197      0.026955   -0.00217757      0.999968     0.0077363      0.153056    0.00096907   -0.00773421       0.99997      0.283921
     0.999995    0.00301496  -0.000898081     0.0103847   -0.00300833      0.999969     0.0072983      0.134961   0.000920057   -0.00729556      0.999973       0.34745
     0.999995    0.00296528  -0.000912204     0.0146676    -0.0029595      0.999976     0.0062727      0.117139   0.000930782   -0.00626997       0.99998      0.390269
     0.999996    0.00272299  -0.000940776     0.0211165   -0.00271677      0.999975    0.00655635      0.101795   0.000958605   -0.00655377      0.999978      0.375743
     0.999996    0.00263958   -0.00137381     0.0104784   -0.00263062      0.999975    0.00648739     0.0572302    0.00139091   -0.00648375      0.999978      0.435829
     0.999995    0.00271669   -0.00158825      0.008226   -0.00270645      0.999976    0.00641384     0.0657668    0.00160564   -0.00640951      0.999978      0.401968
     0.999994    0.00285273     -0.001919   -0.00012599   -0.00284035      0.999975    0.00642394     0.0383843    0.00193728   -0.00641845      0.999978      0.448758
     0.999995    0.00272639   -0.00181963    0.00142609   -0.00271421      0.999974    0.00666502     0.0306718    0.00183776   -0.00666005      0.999976      0.437801
     0.999993    0.00326154   -0.00180562   -0.00422127   -0.00324996      0.999974     0.0063817     0.0614271    0.00182638   -0.00637578      0.999978      0.433352
     0.999995    0.00278339   -0.00168124    -0.0133163    -0.0027735      0.999979    0.00585588     0.0115112     0.0016975   -0.00585119      0.999981      0.486926
     0.999995    0.00266779   -0.00163987   -0.00973211    -0.0026579      0.999978     0.0060003      0.037872    0.00165585   -0.00599591      0.999981      0.489155
     0.999995    0.00253951   -0.00164579    0.00190229   -0.00253049      0.999982    0.00546115   -0.00165903    0.00165963   -0.00545696      0.999984      0.522131
     0.999994    0.00293197   -0.00165944    -0.0246743   -0.00292291      0.999981    0.00543285    0.00539333    0.00167534   -0.00542797      0.999984      0.524924
     0.999993    0.00267104   -0.00263259    -0.0274072   -0.00265525      0.999979    0.00598234      0.014012    0.00264852   -0.00597531      0.999979      0.510234
     0.999994     0.0026248    -0.0021855    0.00120293   -0.00261302      0.999982    0.00537551    -0.0114263    0.00219957   -0.00536977      0.999983      0.518428
     0.999996    0.00209106   -0.00197745      0.038348   -0.00208028      0.999983    0.00544016    0.00585939    0.00198879   -0.00543602      0.999983       0.48916
     0.999996    0.00184145   -0.00207816     0.0326914   -0.00183195      0.999988    0.00456391    -0.0119091    0.00208654   -0.00456009      0.999987      0.519275
