# 3dvolreg matrices (DICOM-to-DICOM, row-by-row):
            1   -0.00013515   9.50676e-05    0.00832019     0.0001352             1  -0.000532187      0.017948  -9.49957e-05     0.0005322             1     0.0584696
            1  -1.91997e-05   8.22921e-05   -0.00070717   1.92123e-05             1  -0.000153618     0.0175968  -8.22892e-05   0.000153619             1   -0.00526543
            1   1.30579e-10   6.36243e-11  -6.67352e-10  -1.30579e-10             1   2.09041e-10   4.28503e-09  -6.36243e-11  -2.09041e-10             1    -2.797e-09
            1  -0.000133154  -9.18686e-05    0.00253524   0.000133114             1  -0.000439779     0.0179099   9.19271e-05   0.000439767             1   -0.00644308
            1   -6.5201e-05  -0.000207953    0.00964789   6.51583e-05             1  -0.000205782     0.0172008   0.000207967   0.000205769             1     0.0349782
            1  -0.000143015  -0.000225984     0.0177977   0.000142931             1  -0.000370774    -0.0788039   0.000226037   0.000370742             1     0.0268126
            1   -2.6803e-05   -0.00020306     0.0123487   2.66859e-05             1   -0.00057637    -0.0721411   0.000203075   0.000576365             1     0.0449005
            1  -9.87817e-06  -0.000375727     0.0106966   9.69739e-06             1  -0.000481162     0.0431945   0.000375732   0.000481158             1     0.0621441
            1  -9.86995e-05  -0.000326751     0.0116267   9.85416e-05             1  -0.000483277     0.0159711   0.000326798   0.000483244             1     0.0566368
            1   2.46531e-05  -0.000145133     0.0132304  -2.47412e-05             1  -0.000607199      -0.05187   0.000145118   0.000607202             1     0.0679143
            1   6.81995e-05   -0.00028167     0.0179034  -6.84014e-05             1  -0.000716993     0.0240736   0.000281621   0.000717012             1      0.069986
            1   0.000101977  -0.000206889    0.00637797  -0.000102029             1  -0.000251186    -0.0459955   0.000206863   0.000251207             1     0.0588351
            1   9.59552e-05  -0.000252584     0.0123835  -9.61011e-05             1  -0.000577632      -0.06237   0.000252529   0.000577657             1     0.0625128
            1    7.4265e-05  -2.37116e-05    0.00807107  -7.42721e-05             1  -0.000301585    -0.0225735   2.36892e-05   0.000301587             1     0.0669415
            1   8.64751e-05  -0.000166964     0.0137104   -8.6547e-05             1  -0.000430584     -0.110562   0.000166927   0.000430599             1     0.0686175
            1   9.33156e-05  -0.000308889    0.00969734  -9.34637e-05             1  -0.000479635    -0.0313939   0.000308844   0.000479664             1     0.0672218
            1    0.00020247  -0.000341073     0.0107278   -0.00020264             1  -0.000498819      0.022587   0.000340972   0.000498888             1     0.0499644
            1   0.000133913  -0.000306472     0.0117508  -0.000134072             1   -0.00052048    -0.0784476   0.000306402   0.000520521             1     0.0440485
            1    0.00018094  -0.000461476     0.0153021  -0.000181318             1  -0.000818541     -0.117191   0.000461327   0.000818624             1     0.0286098
            1   3.81696e-05  -0.000212693   0.000384688  -3.82508e-05             1  -0.000381499     0.0264858   0.000212678   0.000381507             1      0.067368
            1   9.68862e-05  -0.000108719   -0.00451544  -9.69388e-05             1   -0.00048302     0.0249236   0.000108672   0.000483031             1      0.114266
            1   0.000230913  -0.000125657   0.000611124  -0.000230998             1  -0.000675132    -0.0568703   0.000125501   0.000675161             1     0.0938607
            1   0.000295554   0.000214552   -0.00671716  -0.000295475             1  -0.000370231    -0.0567319  -0.000214661   0.000370168             1     0.0941501
            1    0.00031524  -7.93414e-05     0.0001544  -0.000315295             1  -0.000694567    -0.0692542   7.91224e-05   0.000694592             1      0.101961
            1   0.000293229  -0.000275806   -0.00481476  -0.000293396             1  -0.000605088    -0.0785249   0.000275628   0.000605169             1     0.0909264
            1   0.000349257  -0.000338725   -0.00830039  -0.000349447             1  -0.000559514    -0.0248941    0.00033853   0.000559632             1     0.0952544
            1   0.000551618  -0.000259195   -0.00914084  -0.000551668             1  -0.000191739    -0.0658512   0.000259089   0.000191882             1     0.0986889
            1   0.000512122  -0.000352631   -0.00556394  -0.000512281             1  -0.000450817    -0.0731225   0.000352401   0.000450998             1     0.0938818
            1   0.000454843  -0.000255504   -0.00806837  -0.000454982             1   -0.00054384     0.0181913   0.000255256   0.000543957             1     0.0953867
            1   0.000448191  -0.000214114     -0.013248  -0.000448301             1  -0.000510866    -0.0918135   0.000213885   0.000510962             1     0.0825297
            1   0.000350186  -0.000364627   -0.00905776  -0.000350519             1  -0.000914627    -0.0741216   0.000364306   0.000914755             1     0.0940971
            1   0.000512845  -0.000491272   -0.00510029  -0.000513326      0.999999  -0.000980921     0.0725872   0.000490769   0.000981173      0.999999      0.123284
            1   0.000588273  -0.000483545   -0.00779206  -0.000588652             1  -0.000783876    -0.0141144   0.000483083   0.000784161             1     0.0955518
            1   0.000494049  -0.000570002   -0.00892841  -0.000494433             1  -0.000673418    -0.0893515   0.000569669   0.000673699             1     0.0786115
            1   0.000492421  -0.000599101   -0.00846264   -0.00049295      0.999999  -0.000882776    -0.0154225   0.000598666   0.000883071      0.999999     0.0784926
            1   0.000513973   -0.00045209    -0.0119643  -0.000514367      0.999999  -0.000871161    -0.0157241   0.000451642   0.000871393             1     0.0873551
            1   0.000491868  -0.000366453   -0.00451745  -0.000492273      0.999999   -0.00110561    -0.0791797   0.000365909    0.00110579      0.999999     0.0956208
            1   0.000447923  -0.000396993   -0.00622428  -0.000448385      0.999999   -0.00116647    -0.0758477    0.00039647    0.00116665      0.999999      0.110211
            1   0.000532018  -0.000533617   -0.00963593  -0.000532703      0.999999   -0.00128421    -0.0925899   0.000532934     0.0012845      0.999999     0.0819337
            1   0.000549903  -0.000586161    -0.0134367  -0.000550652      0.999999   -0.00127843    -0.0324508   0.000585458    0.00127875      0.999999     0.0704179
            1   0.000697302   -0.00065746    -0.0180781  -0.000698456      0.999998   -0.00175699    -0.0010322   0.000656233    0.00175745      0.999998     0.0556927
            1   0.000700083  -0.000654968    -0.0152385  -0.000699901             1   0.000278585    -0.0807169   0.000655163  -0.000278126             1     0.0330181
            1   0.000597349  -0.000412314    0.00123061  -0.000606493      0.999746    -0.0225456      0.542518   0.000398741     0.0225458      0.999746       0.30493
            1   0.000737463   -0.00048364   -0.00223797  -0.000747726      0.999767    -0.0215756      0.450592   0.000467616     0.0215759      0.999767      0.399282
            1    0.00075009  -0.000321549    0.00454731  -0.000749919             1   0.000533464     -0.107846   0.000321949  -0.000533222             1     0.0500199
            1   0.000911614  -0.000189462    -0.0214456  -0.000911926      0.999998   -0.00165196   -0.00523823   0.000187956    0.00165213      0.999999     0.0635503
     0.999999   0.000971983  -0.000390695    -0.0146968   -0.00097264      0.999998   -0.00168617     0.0550656   0.000389056    0.00168655      0.999999     0.0530588
     0.999999    0.00105751  -0.000465389   -0.00788582   -0.00105829      0.999998   -0.00166434    -0.0444659   0.000463628    0.00166483      0.999999     0.0347791
     0.999999    0.00109417  -0.000439438   -0.00853691   -0.00109499      0.999998   -0.00187301    -0.0292833   0.000437388    0.00187349      0.999998     0.0395134
     0.999999    0.00106221   -0.00039286     -0.011181    -0.0010629      0.999998   -0.00177045     -0.020616   0.000390979    0.00177087      0.999998     0.0475297
     0.999999    0.00109812  -0.000336989   -0.00707322   -0.00109881      0.999997   -0.00205677     -0.127534    0.00033473    0.00205714      0.999998     0.0357423
     0.999999    0.00115307  -0.000346743   -0.00213646   -0.00115384      0.999997   -0.00221689    -0.0600183   0.000344186    0.00221729      0.999997     0.0402248
     0.999999    0.00102873  -0.000312047   1.91802e-05   -0.00102955      0.999996   -0.00262639    -0.0354725   0.000309344    0.00262671      0.999997     0.0257762
            1   0.000820229  -0.000336424     0.0114229  -0.000821232      0.999995    -0.0029916     0.0308128   0.000333969    0.00299187      0.999995     0.0560488
     0.999999   0.000967365  -0.000282096    0.00916071  -0.000968231      0.999995   -0.00308511    -0.0373156   0.000279111    0.00308539      0.999995     0.0482437
            1   0.000942705  -0.000103255    0.00895654  -0.000942995      0.999995   -0.00284847     -0.116038   0.000100569    0.00284856      0.999996     0.0475425
            1   0.000908254  -0.000146537     0.0100745  -0.000908696      0.999995   -0.00305019    -0.0475456   0.000143766    0.00305032      0.999995     0.0433316
            1   0.000870854  -0.000206186    0.00840288  -0.000871482      0.999995    -0.0030673     -0.102405   0.000203514    0.00306748      0.999995     0.0326992
            1   0.000278539   0.000292277     0.0162965  -0.000277492      0.999994   -0.00357279      0.100461  -0.000293271    0.00357271      0.999994      0.037667
            1   1.57322e-06   0.000500569     0.0192959   9.12483e-09      0.999995   -0.00316107    -0.0674991  -0.000500572    0.00316107      0.999995     0.0377882
            1   0.000173753   0.000457404     0.0100394  -0.000172185      0.999994    -0.0034262    -0.0458922  -0.000457996    0.00342612      0.999994     0.0825818
            1   0.000131996   0.000249416     0.0083498  -0.000131168      0.999994   -0.00331733     0.0694322  -0.000249852    0.00331729      0.999994     0.0252834
            1   8.12991e-05   0.000162775    0.00216352  -8.08025e-05      0.999995   -0.00304816    -0.0396584  -0.000163022    0.00304815      0.999995   -0.00322513
            1   0.000185514   6.46436e-05   -0.00344803  -0.000185307      0.999995   -0.00319205    -0.0593122  -6.52354e-05    0.00319204      0.999995   -0.00942341
            1   0.000153057    8.1919e-05   -0.00475344  -0.000152773      0.999994   -0.00345757    -0.0241256  -8.24477e-05    0.00345756      0.999994    0.00584459
            1  -2.14023e-05  -0.000181872   -0.00611136   2.08686e-05      0.999996   -0.00293414      0.049684   0.000181934    0.00293413      0.999996     0.0345385
            1   9.32264e-05  -1.12117e-05     -0.017795  -9.32676e-05      0.999993   -0.00373054     -0.115252   1.08638e-05    0.00373055      0.999993    -0.0113952
            1   0.000208142   5.30959e-05    -0.0138429  -0.000207935      0.999992   -0.00387761     -0.102411  -5.39026e-05     0.0038776      0.999992     0.0139633
            1   0.000284854   8.66371e-05    -0.0155927  -0.000284518      0.999993   -0.00386017    0.00386747   -8.7736e-05    0.00386015      0.999993   -0.00751602
            1    0.00021842   0.000127188    -0.0156125  -0.000217897      0.999992   -0.00409694     0.0737887  -0.000128082    0.00409692      0.999992    -0.0111459
            1   0.000254332   0.000249996    -0.0234206  -0.000253353      0.999992   -0.00390911   -0.00557029  -0.000250989    0.00390905      0.999992   -0.00817037
            1   0.000249078   0.000298526    -0.0309282  -0.000247858      0.999992   -0.00407805     -0.021323  -0.000299539    0.00407798      0.999992     -0.053551
            1   0.000427892   0.000121466    -0.0368636  -0.000427431      0.999993   -0.00376678     0.0190165  -0.000123077    0.00376672      0.999993     -0.106145
            1   0.000393039   0.000212775    -0.0198897  -0.000392236      0.999993   -0.00376085    -0.0157406  -0.000214252    0.00376076      0.999993     -0.047489
            1   0.000340382   0.000255274   -0.00664969  -0.000339513      0.999994   -0.00339518     0.0748824  -0.000256428    0.00339509      0.999994     -0.144241
            1   0.000555141   0.000246695    -0.0160781  -0.000554462      0.999996   -0.00274151    -0.0503106  -0.000248216    0.00274138      0.999996     -0.227428
            1   0.000626521   0.000305786    -0.0196517  -0.000625341      0.999992   -0.00384468     0.0942078  -0.000308193    0.00384448      0.999993     -0.181466
            1   0.000672576   0.000349521    -0.0201017  -0.000671134      0.999991   -0.00410968      0.150572  -0.000352282    0.00410945      0.999991     -0.187043
            1   0.000599834   0.000185927    -0.0167359  -0.000599073      0.999992   -0.00406831    -0.0295588  -0.000188366     0.0040682      0.999992     -0.185805
            1   0.000608966   9.13055e-05    -0.0124012  -0.000608563       0.99999   -0.00435533        0.0221  -9.39568e-05    0.00435527      0.999991      -0.17288
            1    0.00049872   0.000150354   -0.00734158  -0.000498051       0.99999   -0.00441636     0.0698848  -0.000152555    0.00441628       0.99999     -0.165052
            1   0.000728182   0.000146695    -0.0132175  -0.000727514       0.99999   -0.00450123     0.0208057  -0.000149971    0.00450112       0.99999     -0.179168
            1   0.000670519   0.000164219      -0.01422  -0.000669781       0.99999   -0.00445844     0.0849142  -0.000167207    0.00445833       0.99999       -0.1553
            1   0.000518052   0.000154196    -0.0118277  -0.000517373       0.99999    -0.0043718      0.120863  -0.000156459    0.00437172       0.99999     -0.151832
            1   0.000455157   0.000159784    -0.0124149  -0.000454436       0.99999   -0.00448323      0.123818  -0.000161823    0.00448315       0.99999     -0.142255
            1   0.000541629   0.000190934    -0.0101195  -0.000540777       0.99999    -0.0044375     0.0476602  -0.000193335     0.0044374       0.99999     -0.141472
            1   0.000585538   0.000149138    -0.0148981  -0.000584861       0.99999   -0.00450102     0.0236032  -0.000151772    0.00450093       0.99999     -0.150415
            1   0.000694996   6.25399e-05    -0.0200463   -0.00069471       0.99999   -0.00446179     0.0923334  -6.56402e-05    0.00446175       0.99999     -0.142268
            1    0.00072776   5.67145e-05    -0.0255139  -0.000727508       0.99999   -0.00432067   -0.00526239  -5.98584e-05    0.00432063      0.999991     -0.164658
            1   0.000641375    0.00029428    -0.0299584  -0.000640031      0.999989   -0.00454727    -0.0474189  -0.000297193    0.00454708       0.99999     -0.160015
            1   0.000766971   0.000241855    -0.0344019  -0.000765853      0.999989   -0.00458993     0.0866514  -0.000245373    0.00458974      0.999989     -0.133821
            1   0.000964685     0.0002375    -0.0391414  -0.000963644       0.99999   -0.00434504     0.0737536  -0.000241689    0.00434481      0.999991     -0.159527
            1   0.000896342   6.87352e-05    -0.0351714  -0.000896054      0.999991   -0.00408408    -0.0201681  -7.23954e-05    0.00408401      0.999992     -0.180128
            1   0.000921844   1.52518e-05    -0.0428825  -0.000921774      0.999991   -0.00407762     0.0228625  -1.90106e-05     0.0040776      0.999992     -0.185085
            1   0.000926374  -2.10024e-05     -0.045421  -0.000926454      0.999991   -0.00417981     0.0812162   1.71302e-05    0.00417983      0.999991     -0.174694
            1   0.000961933  -1.02182e-05     -0.049555  -0.000961968      0.999991   -0.00420007     0.0634933   6.17789e-06    0.00420008      0.999991     -0.186729
            1   0.000982123  -0.000166892    -0.0454821  -0.000982853       0.99999   -0.00443645     0.0483083   0.000162533    0.00443661       0.99999     -0.189388
     0.999999    0.00100331  -0.000316051    -0.0389196   -0.00100467       0.99999   -0.00436099     0.0213749   0.000311672     0.0043613       0.99999     -0.161064
            1   0.000958018  -0.000284227    -0.0394907  -0.000959315      0.999989   -0.00459749     0.0747604   0.000279819    0.00459776      0.999989     -0.154771
            1   0.000874703  -0.000198373    -0.0335444  -0.000875578       0.99999   -0.00445729      0.042351   0.000194472    0.00445746       0.99999      -0.16046
            1   0.000813965   -0.00017918     -0.034105   -0.00081474       0.99999   -0.00436906     0.0413725   0.000175622     0.0043692       0.99999     -0.155881
            1   0.000922995   -0.00023206    -0.0262786  -0.000923956      0.999991    -0.0041797   -0.00760711     0.0002282    0.00417991      0.999991     -0.162838
            1   0.000973828   -0.00015193    -0.0321031  -0.000974479       0.99999   -0.00434738      0.058671   0.000147694    0.00434753      0.999991     -0.160709
     0.999999    0.00111143  -0.000163352    -0.0349932   -0.00111203      0.999992   -0.00372093      0.046322   0.000159215    0.00372111      0.999993     -0.174422
            1   0.000973146  -0.000144513    -0.0209608  -0.000973732      0.999991   -0.00411204     0.0216232    0.00014051    0.00411218      0.999992       -0.1751
     0.999999    0.00114547   -0.00024544    -0.0140958    -0.0011464      0.999992   -0.00382644     0.0817274   0.000241055    0.00382672      0.999993     -0.185098
     0.999999    0.00108957  -0.000405939    -0.0250581   -0.00109121      0.999991    -0.0040488    -0.0437408   0.000401524    0.00404924      0.999992     -0.195243
     0.999999   0.000929702   -0.00048753    -0.0211864  -0.000931742      0.999991   -0.00419973     0.0932488   0.000483621    0.00420018      0.999991     -0.165128
     0.999999   0.000895022  -0.000545354   -0.00857839  -0.000897191      0.999992   -0.00398981     0.0623151   0.000541778    0.00399029      0.999992     -0.139572
     0.999999   0.000999229  -0.000387145     -0.014379   -0.00100081      0.999991   -0.00411631    -0.0462989   0.000383028    0.00411669      0.999991     -0.159501
     0.999999   0.000955495  -0.000419536     -0.019196  -0.000957221      0.999991   -0.00413206    0.00450544   0.000415584    0.00413246      0.999991     -0.150134
     0.999999    0.00110303   -0.00030808    -0.0114717   -0.00110417      0.999992   -0.00373337     0.0616858    0.00030396     0.0037337      0.999993     -0.150562
     0.999998    0.00138888   -0.00110888    -0.0283954   -0.00139251      0.999994   -0.00327911     0.0494265    0.00110432    0.00328065      0.999994     -0.168517
     0.999999   0.000653143   -0.00148979    -0.0230566  -0.000658531      0.999993   -0.00361905     0.0115591    0.00148741    0.00362002      0.999992     -0.127173
     0.999999   0.000891601   -0.00105502    -0.0234981  -0.000895705      0.999992   -0.00389538     0.0890921    0.00105153    0.00389632      0.999992     -0.132251
     0.999998    0.00107511   -0.00145801    -0.0204341   -0.00108114      0.999991   -0.00414181     0.0539212    0.00145355    0.00414338       0.99999     -0.156443
     0.999998    0.00120639    -0.0014084    -0.0185723   -0.00121188      0.999992   -0.00390496    0.00164816    0.00140368    0.00390666      0.999991     -0.151546
     0.999998    0.00131998   -0.00144883    -0.0270488     -0.001326       0.99999   -0.00416479     0.0948161    0.00144332    0.00416671       0.99999     -0.151934
     0.999998    0.00145219   -0.00141317    -0.0269823   -0.00145773      0.999991   -0.00393045   -0.00826027    0.00140745     0.0039325      0.999991     -0.163709
     0.999998    0.00144438   -0.00110304    -0.0352882   -0.00144826      0.999993   -0.00352436    -0.0244415    0.00109794    0.00352595      0.999993     -0.138605
     0.999998    0.00160265   -0.00121442    -0.0390499   -0.00160744      0.999991   -0.00395972     0.0908223    0.00120807    0.00396166      0.999991      -0.16086
     0.999998    0.00172408   -0.00122814     -0.040419   -0.00172876      0.999991   -0.00381553     0.0631029    0.00122155    0.00381764      0.999992     -0.165717
     0.999998    0.00175047   -0.00115119    -0.0398018   -0.00175485      0.999991   -0.00381957     0.0587243     0.0011445    0.00382158      0.999992     -0.147048
     0.999998    0.00173577   -0.00108188    -0.0330574   -0.00173995      0.999991   -0.00387988     0.0194318    0.00107514    0.00388176      0.999992     -0.143331
     0.999998    0.00167799   -0.00115157    -0.0376353    -0.0016825      0.999991   -0.00392556     0.0968074    0.00114497    0.00392749      0.999992     -0.136089
     0.999998    0.00172325   -0.00123016    -0.0326395   -0.00172802      0.999991   -0.00389292    -0.0175574    0.00122344    0.00389503      0.999992     -0.154903
     0.999998    0.00173843   -0.00115298    -0.0292387   -0.00174272      0.999992   -0.00372841    -0.0332509    0.00114649    0.00373041      0.999992      -0.12465
     0.999997    0.00187427   -0.00138353    -0.0304005   -0.00187994       0.99999   -0.00410708    -0.0127539    0.00137582    0.00410967      0.999991     -0.129488
     0.999997    0.00186244   -0.00138452    -0.0314651   -0.00186806       0.99999   -0.00406957    -0.0171616    0.00137692    0.00407214      0.999991        -0.122
     0.999997    0.00185662   -0.00147498    -0.0301949   -0.00186266       0.99999   -0.00409788     0.0404996    0.00146736    0.00410062      0.999991     -0.115773
     0.999997    0.00189453   -0.00150795    -0.0310894   -0.00190054       0.99999   -0.00399473     0.0167813    0.00150037    0.00399759      0.999991     -0.114169
     0.999997    0.00185278   -0.00146241    -0.0287981   -0.00185849      0.999991   -0.00391298   0.000389054    0.00145515    0.00391569      0.999991     -0.106813
     0.999997    0.00183398   -0.00139043    -0.0283833   -0.00183976       0.99999   -0.00416642      0.018497    0.00138278    0.00416897       0.99999     -0.117524
     0.999997    0.00188861   -0.00136224    -0.0318181   -0.00189405       0.99999   -0.00400548     0.0630944    0.00135466    0.00400805      0.999991     -0.104386
     0.999997    0.00197431   -0.00139889    -0.0278147   -0.00198008      0.999989   -0.00413398     0.0121155    0.00139071    0.00413674       0.99999     -0.103397
     0.999997    0.00208445   -0.00142778    -0.0272927   -0.00209012       0.99999   -0.00398472     0.0764924    0.00141946    0.00398769      0.999991     -0.100204
     0.999996     0.0021003   -0.00167339    -0.0205728   -0.00210664      0.999991   -0.00379598     0.0625218     0.0016654    0.00379949      0.999991     -0.115933
     0.999997     0.0020187   -0.00155535    -0.0243559   -0.00202458      0.999991   -0.00378631     0.0185181    0.00154769    0.00378944      0.999992     -0.125687
     0.999997     0.0020207   -0.00139791     -0.028393   -0.00202584      0.999991   -0.00368799     0.0833653    0.00139044    0.00369081      0.999992     -0.112867
     0.999997    0.00204047   -0.00157291    -0.0238741   -0.00204639      0.999991   -0.00377235    -0.0151333    0.00156519    0.00377555      0.999992     -0.120922
     0.999997    0.00205765   -0.00162986    -0.0219778   -0.00206418       0.99999   -0.00401688    -0.0610719    0.00162158    0.00402023      0.999991     -0.122403
     0.999997    0.00208811   -0.00152886    -0.0164608   -0.00209446      0.999989   -0.00416841     0.0482703    0.00152014     0.0041716       0.99999    -0.0912706
     0.999997    0.00203917   -0.00140259    -0.0185356   -0.00204509      0.999989   -0.00422944   0.000693172    0.00139395     0.0042323       0.99999    -0.0954246
     0.999997     0.0020972   -0.00131639    -0.0186345   -0.00210298      0.999988   -0.00440684   -0.00845892    0.00130714     0.0044096      0.999989    -0.0823185
     0.999997     0.0020957   -0.00118554    -0.0196733   -0.00210078      0.999989   -0.00430316     0.0802081    0.00117651    0.00430563       0.99999    -0.0587366
     0.999997    0.00206802    -0.0012204    -0.0136751   -0.00207307      0.999989   -0.00414997    -0.0357206    0.00121181    0.00415249      0.999991    -0.0780148
     0.999997    0.00220276    -0.0013165    -0.0126968   -0.00220812      0.999989    -0.0040811     -0.010165     0.0013075      0.004084      0.999991     -0.083206
     0.999997    0.00218201   -0.00135238     -0.014319   -0.00218735       0.99999   -0.00395912      0.101104    0.00134373    0.00396206      0.999991    -0.0715258
     0.999996    0.00221382   -0.00149737    -0.0109669   -0.00221926      0.999991   -0.00364257     0.0944008    0.00148929    0.00364588      0.999992    -0.0776896
     0.999996    0.00243847    -0.0017077     -0.013137   -0.00244423      0.999991   -0.00338297     0.0840314    0.00169943    0.00338713      0.999993     -0.100615
